function M = TransitionMatrix1()

M = [0 0.5 0 0.5 0; 
    0.25 0 0.25 0.25 0.25; 
    0 0.5 0 0.5 0; 
    0.33 0.33 0.33 0 0; 
    0 1 0 0 0];